HEALTHY;IBD
0.9995248722770023;0.0004751277229976923
0.99135813392405;0.008641866075949923
0.9999827185826218;1.7281417378194343e-05
0.9998530592755124;0.00014694072448764183
0.9999740229308074;2.5977069192637143e-05
0.9999946000997396;5.399900260348161e-06
0.9999864419721463;1.3558027853785652e-05
0.9996056655658377;0.00039433443416225143
0.998215423655567;0.001784576344432946
0.9999844052643095;1.559473569046762e-05
0.9907167990816289;0.009283200918371096
0.9998195324940596;0.000180467505940418
0.9995656066959236;0.00043439330407633766
0.9998634427805559;0.0001365572194440024
0.9999691253214846;3.087467851540998e-05
0.9999899456570626;1.00543429374037e-05
0.9973954006333136;0.0026045993666864295
0.9718748280443521;0.02812517195564785
0.0026217675206954283;0.9973782324793046
0.9997868452822944;0.00021315471770550284
0.9999548473560282;4.515264397180725e-05
0.9999540366603268;4.596333967317524e-05
0.8039526906058742;0.19604730939412585
0.9999965654043577;3.4345956423139923e-06
0.999968625423929;3.137457607109256e-05
0.9999789019321269;2.1098067873077893e-05
0.9999744193355643;2.558066443566385e-05
0.9999980731000548;1.926899945151833e-06
0.9999956723518391;4.327648160941267e-06
0.7197316269717038;0.28026837302829616
0.9999562987101128;4.37012898872135e-05
0.9999624468752868;3.755312471323172e-05
0.9999857707538687;1.422924613130522e-05
0.9999820559751461;1.7944024853851503e-05
0.9999841432977236;1.585670227645643e-05
1.2426354187855537e-06;0.9999987573645812
0.8522412392603281;0.14775876073967187
0.9999999997657468;2.3425316586975656e-10
0.9975311925920508;0.002468807407949245
0.9999749082048871;2.509179511287106e-05
0.9999114733693183;8.852663068170133e-05
0.9997797170378089;0.000220282962191165
0.9988233603941513;0.0011766396058486399
0.9999620706006284;3.7929399371642916e-05
0.999992006101443;7.993898557002221e-06
0.9999757459452502;2.425405474984905e-05
0.9998440832350104;0.00015591676498959018
0.9999971678421724;2.8321578276110006e-06
0.999986777726035;1.3222273965020546e-05
0.9997442642825412;0.00025573571745890353
0.9999988947816127;1.1052183872783008e-06
0.9999990020587538;9.979412462138971e-07
0.9998945826689952;0.00010541733100480248
0.9999867539005246;1.3246099475430661e-05
0.999324104499395;0.0006758955006049531
0.9999954963971225;4.503602877470184e-06
0.9999904119712955;9.588028704506601e-06
0.9999946023030367;5.3976969632724745e-06
0.864232973404028;0.13576702659597192
0.9999999943857638;5.614236176451737e-09
0.9997949934474183;0.0002050065525817344
0.9998486431460196;0.00015135685398038435
0.9999998670879959;1.32912004057432e-07
0.9993062842411742;0.0006937157588258685
0.9999698860357443;3.0113964255657093e-05
0.9999649165813229;3.508341867713006e-05
0.8197885018136049;0.18021149818639515
0.9999841118747325;1.5888125267536108e-05
0.9785689834670596;0.02143101653294047
0.994426088369828;0.005573911630171978
0.99975443589938;0.0002455641006200799
0.9999039975205639;9.60024794360503e-05
0.9999998614192118;1.385807881360789e-07
0.9999998977703567;1.0222964329370759e-07
0.9988742297041434;0.0011257702958566362
0.9999889889445902;1.1011055409758662e-05
0.9999901117221481;9.88827785190924e-06
0.9993862070229821;0.0006137929770179608
0.9997502487034873;0.000249751296512741
0.9999984235774636;1.5764225364435955e-06
0.9886199849343972;0.011380015065602793
0.998192225037717;0.001807774962282968
0.9998109628608344;0.00018903713916566133
0.9999628221148893;3.717788511069206e-05
0.9828976418785996;0.017102358121400398
0.9999618492105171;3.815078948292569e-05
0.9589773418972112;0.04102265810278881
0.9999826687055621;1.733129443792984e-05
0.9988945322807017;0.001105467719298347
0.9998098742909316;0.00019012570906842203
0.9987986422089934;0.0012013577910066427
0.9999608522296339;3.91477703660403e-05
0.9989809471486808;0.0010190528513191798
0.9999762758683317;2.372413166826981e-05
0.9999501445802906;4.985541970936401e-05
0.9997202880765231;0.0002797119234768135
0.9999612460943214;3.8753905678691575e-05
0.995570092958846;0.004429907041153971
0.9989532792394503;0.0010467207605497333
0.9999968354142558;3.164585744217454e-06
0.9999978836331391;2.1163668609222417e-06
0.9999636409287266;3.635907127338318e-05
0.999998884500162;1.1154998378938884e-06
0.9999191591597397;8.084084026023028e-05
0.999960070492267;3.992950773304888e-05
0.9999933904652634;6.609534736598571e-06
0.9999959861062884;4.013893711666892e-06
0.9999957475707095;4.25242929042777e-06
0.9999965888719335;3.411128066501852e-06
0.9976289421321156;0.0023710578678843358
0.9999670511360731;3.294886392693758e-05
0.9999903752284868;9.624771513205472e-06
0.9999734340898117;2.6565910188308892e-05
0.9999387084779294;6.129152207056612e-05
0.9780198845828866;0.021980115417113373
0.9999934768000084;6.523199991617274e-06
0.9999484971761983;5.15028238017756e-05
0.9999265552980546;7.344470194541854e-05
0.99955216499765;0.000447835002350026
0.9998061908627669;0.0001938091372331503
0.9500034983575456;0.049996501642454345
0.9999997012669744;2.987330256979978e-07
0.9984897697596808;0.0015102302403191498
0.9999613325902915;3.8667409708432465e-05
0.9999705730263271;2.942697367293658e-05
0.9969143410546059;0.00308565894539413
0.9997098007003072;0.00029019929969277027
0.9996888736977154;0.00031112630228460924
0.9999800533675376;1.994663246239872e-05
0.9999957316272952;4.268372704804641e-06
0.9996972860471479;0.00030271395285212747
0.9998776691003413;0.00012233089965871542
0.9997484400559489;0.00025155994405115143
0.9994905661582104;0.0005094338417896196
0.9999999083202499;9.167975011231473e-08
0.9999761851359112;2.3814864088791627e-05
0.9999859561429891;1.4043857010874948e-05
0.9999396868713641;6.031312863584707e-05
0.9999871591841009;1.284081589912381e-05
0.9999973780605549;2.6219394451664463e-06
0.9947643714832719;0.005235628516728042
0.9998566897913647;0.0001433102086352975
0.9999507049177729;4.929508222706985e-05
0.9999805467262988;1.9453273701278948e-05
0.9997151563616146;0.00028484363838546706
0.9995378661312009;0.0004621338687991252
0.9697009604755882;0.030299039524411795
0.9999994799208222;5.200791778010837e-07
0.9806892868378176;0.019310713162182306
0.9985483779947957;0.0014516220052042705
0.9997365449443782;0.0002634550556216997
0.9999985851924587;1.4148075413630075e-06
0.9999989200375468;1.0799624532108306e-06
0.9999442446727265;5.5755327273504254e-05
0.9999251230372878;7.487696271221536e-05
0.9999682935363111;3.170646368884641e-05
0.9999671563729654;3.284362703465036e-05
0.9999156357519454;8.436424805458129e-05
0.999957520679708;4.2479320292022855e-05
0.9999922124333838;7.787566616256099e-06
0.9999993498714939;6.501285061831092e-07
8.459831256080186e-06;0.9999915401687439
0.9999975078818869;2.4921181130779357e-06
0.9990026286858646;0.000997371314135382
0.9999950447444647;4.955255535349702e-06
0.9999960202094524;3.979790547610259e-06
0.9999808685465703;1.913145342965913e-05
0.9999596211195706;4.037888042945293e-05
0.9994295402691954;0.0005704597308045829
0.9981834594950131;0.0018165405049869444
0.99988583969398;0.0001141603060200148
0.9999982179865281;1.7820134719098348e-06
0.9999982045731616;1.7954268383990552e-06
0.9904846970774243;0.009515302922575748
0.9785047986552696;0.021495201344730378
0.773956104428088;0.22604389557191193
0.9996132391354173;0.00038676086458269595
0.9997283469417158;0.00027165305828426084
0.9989052688075634;0.001094731192436665
0.9999759649661537;2.403503384626754e-05
0.9999994893299707;5.106700292916102e-07
0.9999972181431878;2.7818568122706906e-06
0.9995127675869896;0.0004872324130104474
0.9983837774554705;0.0016162225445295283
0.9997859474079991;0.00021405259200090506
0.6754104177376463;0.3245895822623536
0.9997374364557304;0.0002625635442695878
0.9999944917660024;5.508233997548045e-06
0.9957205016108281;0.0042794983891718055
9.093975423379863e-05;0.9999090602457662
0.9999857355174809;1.4264482519045025e-05
0.9864489038867783;0.01355109611322167
0.9999978200581814;2.1799418186425363e-06
0.99999899952241;1.0004775899454862e-06
0.9999990936457034;9.063542965948453e-07
0.9992642946466683;0.0007357053533316245
0.9999579819290844;4.201807091567156e-05
0.999965276169315;3.472383068499438e-05
0.9999890746613149;1.0925338685035563e-05
0.9999893862244543;1.0613775545639002e-05
0.9983641141177225;0.0016358858822775031
0.9998116964201285;0.00018830357987148909
0.7653255070393227;0.23467449296067733
0.999918680464763;8.131953523700848e-05
0.9954626248320932;0.004537375167906778
0.9996169927676097;0.00038300723239023795
0.9999999515642933;4.843570667654372e-08
0.9998649907311289;0.0001350092688710632
0.9998939508141773;0.00010604918582271462
0.9999892604495466;1.0739550453384764e-05
0.9978940752244847;0.002105924775515258
0.9468917533091058;0.053108246690894215
0.999185226925725;0.0008147730742750217
0.9999648899594383;3.511004056165897e-05
0.9988822930741549;0.0011177069258450705
0.9999953801784703;4.619821529698539e-06
0.9999094066285142;9.059337148571376e-05
0.9997435906594907;0.00025640934050931717
0.9998396905134281;0.00016030948657186166
0.9999939548033402;6.045196659784013e-06
0.9958417758687701;0.004158224131229929
0.9985429885921187;0.0014570114078813275
0.9999996930001039;3.0699989605075927e-07
3.440752517103185e-05;0.999965592474829
0.9999865670727994;1.3432927200611295e-05
0.9999993126224967;6.873775032457553e-07
0.9702286916492533;0.029771308350746654
0.9999618200151978;3.8179984802185826e-05
0.9999720977706836;2.790222931633873e-05
0.9995703806970925;0.0004296193029075088
0.9997506410159889;0.0002493589840111256
0.9982718806207673;0.0017281193792326188
0.9998756944067517;0.0001243055932482403
0.9998569218574362;0.0001430781425637196
0.9999826433176903;1.7356682309768138e-05
0.9856166836450329;0.014383316354967196
0.999753400023555;0.00024659997644506485
0.9999663359426196;3.366405738036348e-05
0.9999426699575347;5.733004246534542e-05
0.9991395823993644;0.0008604176006356445
0.9998564945858074;0.00014350541419256354
0.9999360130340116;6.398696598842215e-05
0.9999018404471484;9.815955285168588e-05
0.9999843139392378;1.5686060762148736e-05
0.9681760624842901;0.031823937515709895
0.9999394762100432;6.052378995674908e-05
0.9989025133892244;0.0010974866107756123
0.9999162518974006;8.374810259942047e-05
0.9993356346939066;0.0006643653060933846
0.9999945798429155;5.420157084495103e-06
0.9998485227003063;0.0001514772996936192
0.9996264711764102;0.0003735288235897133
0.9999084098616421;9.159013835788003e-05
0.9999993701151619;6.298848380706492e-07
0.9760228396798122;0.02397716032018784
0.9999758377897271;2.416221027285978e-05
0.9995485768483975;0.0004514231516025074
0.9999212186118974;7.878138810255978e-05
0.9983354120214895;0.0016645879785105895
0.9975904825357107;0.0024095174642893517
0.9999673014055704;3.269859442950755e-05
0.9999820900085838;1.790999141609997e-05
0.9999773022939199;2.2697706080147556e-05
0.9999929211315207;7.078868479279728e-06
0.9999256759384074;7.432406159257733e-05
0.9999993197231896;6.802768103972434e-07
0.9999883711951553;1.1628804844707703e-05
0.9983374000557653;0.0016625999442346764
0.9999987888585588;1.211141441274329e-06
0.9999696800630951;3.0319936904965795e-05
0.9999788901039708;2.1109896029260345e-05
0.9997870163641778;0.00021298363582227805
0.9998907748387864;0.00010922516121353906
1.9307023974568516e-05;0.9999806929760254
0.9996092520150943;0.0003907479849056478
0.999997852596609;2.1474033909967077e-06
0.9999983742600891;1.6257399108842561e-06
0.9999733257374112;2.6674262588854234e-05
0.9681901710381022;0.03180982896189782
0.9998406974391316;0.00015930256086836678
0.99995134815182;4.865184817998631e-05
0.9999720606522415;2.793934775850084e-05
0.9987950031154389;0.001204996884561075
0.9999986023414305;1.3976585695278975e-06
0.9997565045361314;0.0002434954638686451
0.9994420991371218;0.0005579008628782381
0.999998813449236;1.186550764013883e-06
0.9994099462613045;0.0005900537386955097
0.9999952786484808;4.721351519168289e-06
0.9997298007591268;0.0002701992408732384
0.999835582919978;0.00016441708002204035
0.9984212601252448;0.0015787398747551624
0.9999936966741141;6.303325885960014e-06
0.9996477144222881;0.00035228557771197974
0.9999730577688476;2.694223115235629e-05
0.9999613429822427;3.865701775731579e-05
0.9983563694486445;0.0016436305513555219
0.9999596542014005;4.0345798599434074e-05
0.999989203328208;1.0796671792022855e-05
0.9999982575047306;1.74249526935263e-06
0.9998298413150931;0.0001701586849068438
0.999991804208595;8.195791404971144e-06
0.9989581704282849;0.001041829571715068
0.00026406101556553097;0.9997359389844345
0.999951306454255;4.8693545745031804e-05
0.9999929260552431;7.073944756840009e-06
0.9994310393010947;0.0005689606989053757
0.9998553250631105;0.00014467493688950106
0.9999877729680314;1.2227031968584865e-05
0.9999998208975214;1.7910247867921528e-07
0.9999710204667679;2.8979533232160506e-05
0.9999599665264881;4.003347351189517e-05
0.9999938708724098;6.129127590248612e-06
0.999783527444667;0.0002164725553329253
0.9994218991703423;0.0005781008296577374
0.9999647218610086;3.527813899135153e-05
0.9999879105525369;1.2089447463135572e-05
0.9999970256201627;2.9743798372998457e-06
0.999991008294389;8.991705610983882e-06
0.9999999882642013;1.173579869905184e-08
0.9999929952736787;7.004726321259721e-06
0.9999590461392643;4.095386073571118e-05
0.9993244075838695;0.0006755924161305182
0.9990098998302279;0.0009901001697720656
0.9999402871649561;5.9712835043878615e-05
0.999996688109936;3.311890063925604e-06
0.9999087189242734;9.128107572669123e-05
0.9999984138045196;1.5861954804082312e-06
0.999999869873865;1.301261349791202e-07
0.999992305257839;7.694742161046304e-06
0.9990940975699154;0.0009059024300845386
0.9999973277951625;2.6722048375264793e-06
0.9999480526281084;5.194737189163812e-05
0.9999917259789525;8.274021047553697e-06
0.999939451711313;6.054828868698015e-05
0.9999884850886952;1.151491130476598e-05
0.9999560707980425;4.39292019575518e-05
0.9999996332019658;3.667980341136483e-07
0.9999971389549266;2.8610450734524724e-06
0.9995702581952861;0.000429741804713881
0.9999918480167571;8.151983242888821e-06
0.9999878364290061;1.2163570993827306e-05
0.9861962768627248;0.013803723137275126
0.9996182726670887;0.00038172733291134194
0.9999755696076444;2.443039235561062e-05
0.999622669402945;0.0003773305970549768
0.9997232902200734;0.00027670977992654146
0.9999532214966012;4.677850339879488e-05
0.99998749151612;1.2508483879962607e-05
0.999999430455546;5.695444540935392e-07
0.9999824838490375;1.751615096240657e-05
0.9994858339952944;0.0005141660047055267
0.9998868928575564;0.00011310714244356108
0.999987793197925;1.220680207506852e-05
0.9999982804153131;1.7195846868797032e-06
0.997021262001098;0.002978737998901976
0.9996147350165806;0.0003852649834193549
0.9999251076468282;7.489235317184381e-05
0.9999945048565517;5.495143448222349e-06
0.9999480391888182;5.1960811181736925e-05
0.9970982548980638;0.0029017451019361694
0.999978543732497;2.145626750302861e-05
0.9987968021919346;0.0012031978080654898
0.9999998666785188;1.3332148124122043e-07
0.9988284045491581;0.001171595450841943
0.9999538052955316;4.6194704468450255e-05
0.9999944455851526;5.554414847438463e-06
0.9999987583949714;1.2416050285222838e-06
0.9999940654152492;5.934584750803742e-06
0.9961207170198307;0.003879282980169257
0.9983556376747966;0.001644362325203391
0.9999971425766927;2.8574233072570846e-06
0.9999972944556718;2.7055443281896228e-06
0.999969704733469;3.0295266530999677e-05
0.9989603250003304;0.0010396749996696303
0.9967410546921952;0.003258945307804788
0.9999080062928518;9.199370714818701e-05
0.9999954210759656;4.578924034346603e-06
0.995660522122032;0.004339477877967932
0.838324746051018;0.161675253948982
0.9712287631203883;0.028771236879611705
0.9999300145188774;6.99854811225979e-05
0.9999322170085875;6.778299141251973e-05
0.9999958613799613;4.138620038705398e-06
0.9989957168952281;0.0010042831047718888
0.9999704074360176;2.959256398234138e-05
0.9996904608023555;0.0003095391976445236
0.9998642648871616;0.00013573511283838244
0.999997287178018;2.712821982030521e-06
0.01133583981223285;0.9886641601877671
0.9995847921323002;0.0004152078676998093
0.999866069764516;0.00013393023548405103
0.9998904612851025;0.00010953871489752279
0.9999959235721525;4.076427847457088e-06
0.9946848896089672;0.005315110391032879
0.9967084139127903;0.003291586087209703
0.9994978559356484;0.0005021440643515857
0.9999986622071101;1.3377928899082165e-06
0.9999725498053105;2.7450194689544356e-05
0.9915004624924022;0.008499537507597823
0.999100932650647;0.000899067349352921
0.9999378098889045;6.219011109549584e-05
0.9999951496078936;4.850392106428366e-06
0.9999851295314435;1.4870468556520042e-05
0.9988763818276385;0.0011236181723614529
0.9999936232143865;6.376785613513167e-06
0.9999308212150355;6.917878496452538e-05
0.9997477630188347;0.0002522369811652739
0.9999873722740404;1.2627725959584616e-05
0.9983514668977065;0.0016485331022934654
0.9994928184731939;0.0005071815268061212
0.9999822403183813;1.7759681618693102e-05
0.9999901741926878;9.82580731227355e-06
0.9999998847298917;1.1527010830256776e-07
0.9999505371814259;4.946281857404855e-05
0.9991245343063041;0.000875465693695926
0.9999963513903045;3.648609695528581e-06
0.999911392553038;8.860744696205374e-05
0.9998856973835607;0.00011430261643930331
0.9999600204718799;3.9979528120099415e-05
0.9996289492681527;0.0003710507318473041
0.9999720327713398;2.7967228660168194e-05
0.9999915280326951;8.471967304950107e-06
0.9999983028553262;1.6971446737747423e-06
0.9999879275275538;1.2072472446209864e-05
0.9997287009679994;0.00027129903200067866
0.9999936068819247;6.393118075222405e-06
0.6605271612447803;0.3394728387552197
0.9999892379683641;1.0762031635837524e-05
0.9999616869991026;3.8313000897365174e-05
0.9994853548955436;0.0005146451044564304
0.9999997537096393;2.462903606601302e-07
0.9999919039485273;8.096051472619099e-06
0.998799458887383;0.0012005411126170496
0.9999986031895338;1.3968104662093725e-06
0.997486523500975;0.0025134764990249903
0.9999926497757883;7.350224211688939e-06
0.9999764100480268;2.3589951973156003e-05
0.9842581192864062;0.015741880713593826
0.9997978943177447;0.00020210568225530553
0.9998632716331237;0.00013672836687629025
0.995751442849907;0.004248557150093007
0.9999737471525151;2.6252847484915424e-05
0.9999555798434432;4.4420156556854914e-05
0.9999243506275565;7.564937244349639e-05
0.9999989931193737;1.0068806262912418e-06
0.9999500371634222;4.9962836577818006e-05
0.9992046038404031;0.0007953961595968517
0.9999892873434805;1.0712656519486604e-05
0.9998704091159799;0.0001295908840200428
0.9999674808892395;3.2519110760470286e-05
0.9992005698802701;0.0007994301197299113
0.9975863212434741;0.002413678756525916
0.9999997670706217;2.32929378329932e-07
0.9999966524725581;3.3475274419563883e-06
0.9999998794148612;1.2058513879547904e-07
0.999982437760094;1.7562239905989665e-05
0.9999901198105053;9.88018949466867e-06
0.9990662914735896;0.0009337085264104379
0.9999700846493164;2.991535068360378e-05
0.9999968557949962;3.1442050038413108e-06
0.9979840832123601;0.002015916787639909
0.9999381446409427;6.18553590573372e-05
0.9999599360310142;4.006396898577031e-05
0.9999736910407769;2.6308959223082552e-05
0.9975734967783998;0.002426503221600254
0.9999371711934777;6.282880652229384e-05
0.9998759707866602;0.0001240292133397051
0.9999934050588628;6.594941137177398e-06
0.9984902030852192;0.001509796914780803
0.999790834253693;0.00020916574630701462
0.9999897842753132;1.0215724686818742e-05
0.9999836494815021;1.635051849786303e-05
0.999448201907739;0.0005517980922610371
0.9998755830705628;0.00012441692943718322
0.9998556957706947;0.0001443042293053669
0.7491535669087312;0.2508464330912688
0.9999374930156975;6.250698430251127e-05
0.9998360198620951;0.00016398013790487102
0.9997085808831028;0.0002914191168972455
0.999997396018298;2.603981702064115e-06
0.9998781726256655;0.0001218273743345648
0.9999955150591889;4.484940811072149e-06
0.9999969433284357;3.056671564345335e-06
0.9999992079900473;7.920099527397587e-07
0.9999630828891538;3.6917110846171494e-05
0.9976091202865918;0.0023908797134081796
0.9999773166078159;2.268339218411123e-05
0.031279387318084995;0.968720612681915
0.9999843374736297;1.566252637027886e-05
0.9994922228853067;0.0005077771146933337
0.9997120907533361;0.00028790924666385404
0.9984125979203528;0.001587402079647224
0.9999425076239985;5.749237600153988e-05
0.9996457384097639;0.00035426159023612894
0.9999851543271209;1.4845672879103501e-05
0.9999998035693415;1.9643065856792984e-07
0.999999786448029;2.135519709537301e-07
0.9951253057119788;0.004874694288021261
0.9998593565917391;0.0001406434082608801
0.9984265501868091;0.0015734498131908504
0.9999989960686693;1.003931330703256e-06
0.9993027658754778;0.0006972341245221209
0.9996115433519145;0.0003884566480855157
0.9999914588343807;8.541165619356428e-06
0.999495638032598;0.0005043619674019793
0.9999824572628582;1.7542737141806663e-05
0.9991362629895842;0.0008637370104156995
0.9998479682701951;0.00015203172980492104
0.999862878821259;0.00013712117874094105
0.9999749085746004;2.5091425399690165e-05
0.9999286557445437;7.134425545629844e-05
0.9999706283436993;2.9371656300709566e-05
0.9999114647456322;8.853525436784144e-05
0.9999915079377585;8.492062241491372e-06
0.9961624039787905;0.0038375960212094894
0.9971513036156942;0.0028486963843058636
0.9999997993119076;2.0068809235286754e-07
0.9335017995111795;0.06649820048882045
0.9984214265759959;0.0015785734240041176
0.9999999714874545;2.851254552934061e-08
0.9998088352253506;0.0001911647746494308
0.9999999980472039;1.9527961049172534e-09
0.9999528890276773;4.711097232263999e-05
0.999669117092256;0.00033088290774396816
0.9999973101352585;2.6898647415138536e-06
0.9998705754601113;0.00012942453988871801
0.9979587932348978;0.00204120676510227
0.9998121725061984;0.000187827493801639
0.9998684141695245;0.0001315858304754206
4.067681877040208e-05;0.9999593231812296
0.9999954608127655;4.539187234581939e-06
0.9999923229442328;7.677055767157613e-06
0.999722640341101;0.00027735965889896016
0.9999980355605872;1.9644394128114275e-06
0.9942804178749008;0.005719582125099111
0.9991783285156032;0.0008216714843968541
0.9999837457037003;1.6254296299706163e-05
0.999591941457444;0.00040805854255599366
0.999904848747039;9.515125296094785e-05
0.999998049812751;1.950187249043381e-06
0.9993866670682673;0.0006133329317326578
0.9982709456018843;0.001729054398115607
0.9999976919401596;2.3080598403271504e-06
0.9999804999929561;1.950000704385671e-05
0.9999830310878556;1.6968912144434407e-05
0.99987980751856;0.0001201924814399636
0.9999329553403402;6.704465965974922e-05
0.9998288046258982;0.00017119537410177862
0.9998498524824312;0.00015014751756880644
0.999995620554563;4.379445437016887e-06
0.9999573527910938;4.264720890620413e-05
0.9999675777180799;3.242228192010092e-05
0.9999032795494915;9.672045050849159e-05
0.9999620879866835;3.7912013316436386e-05
0.9994927419226355;0.0005072580773645106
0.9998959170968093;0.00010408290319073649
0.999796950181557;0.00020304981844300902
0.989280945334828;0.010719054665171996
0.999981589232119;1.841076788099596e-05
0.9999270018447687;7.299815523129076e-05
7.631241168493119e-05;0.9999236875883151
0.9999965973000166;3.402699983481032e-06
0.8220735283713064;0.17792647162869354
0.9991374919592508;0.0008625080407491974
0.9999306739012079;6.932609879204142e-05
0.9999918290182103;8.170981789709052e-06
0.999996293253198;3.7067468019721053e-06
0.999983070914773;1.6929085226996362e-05
0.9999826302003049;1.73697996951147e-05
0.9998380130740546;0.00016198692594537919
0.999990306146093;9.693853907017203e-06
0.9997521361574796;0.00024786384252037564
0.999996322563596;3.677436403994639e-06
0.9999644671432677;3.553285673231312e-05
0.9998766570317154;0.00012334296828469106
0.9999997688628188;2.311371812019124e-07
0.9995667011419439;0.00043329885805606444
0.9999682650472925;3.173495270747529e-05
0.9999990471206939;9.528793061233873e-07
0.9999237917755416;7.620822445839328e-05
0.9999773481041864;2.2651895813575903e-05
0.9999351825851397;6.481741486036214e-05
0.9999984612108865;1.53878911342775e-06
0.9999883056830915;1.1694316908513048e-05
0.9999689208868207;3.107911317932833e-05
0.9999993321464906;6.678535094083638e-07
0.9998389065014432;0.00016109349855670892
0.9999990759978981;9.240021019158914e-07
0.998469104315879;0.0015308956841210378
0.9934110461190107;0.006588953880989309
0.9999859954047111;1.4004595288924884e-05
0.9998970906125679;0.00010290938743207633
0.9994419609895159;0.0005580390104841139
0.9999999173350244;8.266497559403679e-08
0.9999988700424443;1.1299575557684487e-06
0.9999286908095426;7.13091904574199e-05
0.9999723256461197;2.7674353880332054e-05
0.9796197233311789;0.020380276668821192
0.9999904851226138;9.514877386176139e-06
0.9998329317008476;0.0001670682991523443
0.9999980178529763;1.982147023776004e-06
0.9999805442033612;1.945579663870629e-05
0.9999954579378907;4.5420621093348946e-06
0.999999871417376;1.285826239420206e-07
0.9999696436139003;3.0356386099683077e-05
0.9987193063047414;0.0012806936952586357
0.9996660817577214;0.0003339182422786106
0.9999525278669704;4.747213302960434e-05
0.9999753499114639;2.4650088536085896e-05
0.9999464223538895;5.3577646110425096e-05
0.9999971063085427;2.8936914573539346e-06
0.9999948001764204;5.199823579621183e-06
0.9998726273446812;0.00012737265531881313
0.992831703409462;0.0071682965905379235
0.9971602745479955;0.0028397254520045084
0.9932886561018629;0.006711343898137069
0.9999993812823371;6.187176629088563e-07
0.9997847059759822;0.00021529402401772215
0.9997785067008855;0.00022149329911448393
0.9978607684702137;0.002139231529786397
0.9998449918316262;0.00015500816837376373
0.9969330818608796;0.0030669181391204435
0.999824672892868;0.00017532710713198874
0.9999940105203573;5.989479642644987e-06
0.9980064612439071;0.001993538756092877
0.9998893924511602;0.00011060754883988658
0.9999561069531417;4.389304685824731e-05
0.9999946049161141;5.395083885851529e-06
0.9986364748832641;0.0013635251167359245
0.999994069512412;5.930487587995003e-06
0.9999990774859349;9.225140651520471e-07
0.9999659287476966;3.407125230338882e-05
0.9999988905778838;1.1094221162017828e-06
0.9999718058924892;2.819410751077476e-05
0.9995046523990623;0.000495347600937689
0.9997321943261124;0.0002678056738876455
0.9866771061518848;0.013322893848115285
0.9999981687466291;1.8312533709180367e-06
0.9996298947505602;0.00037010524943985464
0.9999550515026321;4.4948497367902896e-05
0.9999704820224977;2.9517977502328923e-05
0.9999745326052699;2.5467394730077003e-05
0.9999621168139564;3.788318604358931e-05
0.9999796884359704;2.0311564029596445e-05
0.0003620602047699206;0.9996379397952301
0.9997744113175533;0.00022558868244668904
0.9999950840398283;4.9159601716862895e-06
0.9999994830463479;5.169536521486224e-07
0.9999933973720488;6.602627951166562e-06
0.9982963143587227;0.0017036856412773235
0.9999977506606728;2.2493393272041593e-06
0.9999999995297866;4.702133851608596e-10
0.9999606614503915;3.933854960845448e-05
0.9999985408191638;1.4591808361992428e-06
0.9999036578666199;9.63421333800212e-05
0.99772806024137;0.0022719397586300244
0.9999880681500511;1.1931849948852032e-05
0.9998670740113687;0.00013292598863131233
0.9999802184229155;1.978157708450755e-05
0.9999030079463174;9.69920536825814e-05
0.9998917703056909;0.00010822969430915578
0.9999990164030788;9.835969212394098e-07
0.999997760217491;2.2397825089746526e-06
0.9775545746256661;0.022445425374333926
0.9900399572807707;0.009960042719229316
0.6879952758043604;0.3120047241956396
0.9999969315538881;3.068446111860973e-06
0.9999948629562752;5.13704372486494e-06
0.9999982835663987;1.7164336012638252e-06
0.9972094302174009;0.002790569782599022
0.9999956451807027;4.354819297288336e-06
0.9999998007119576;1.992880424352516e-07
0.999999476275506;5.237244940370263e-07
0.999902716281268;9.728371873194149e-05
0.9999943580272246;5.6419727754337134e-06
0.9999782953011165;2.1704698883499335e-05
0.999998732173843;1.2678261569791707e-06
0.9999880133812517;1.198661874837615e-05
0.9791763978886893;0.020823602111310686
0.9999150811829374;8.491881706265121e-05
0.9997928466178785;0.00020715338212147914
0.9989324648900517;0.0010675351099482557
0.9998290974627295;0.00017090253727048698
0.99996514472911;3.48552708900018e-05
0.9999815480826239;1.8451917376125155e-05
0.9997126512023093;0.0002873487976906209
0.9520414904937348;0.04795850950626524
0.9999634841547781;3.651584522193038e-05
0.9999955185642326;4.481435767323111e-06
0.9976991318484779;0.002300868151522047
0.9984492544604693;0.0015507455395307249
0.9999965024808661;3.497519133840078e-06
0.9980541398837854;0.0019458601162146033
0.9927233627056898;0.007276637294310142
0.9995591188583665;0.00044088114163353895
0.9997220375027385;0.0002779624972614763
0.9909836965856206;0.009016303414379413
0.9997219532607576;0.00027804673924238665
0.9999996257686143;3.7423138563075174e-07
0.7915079422528977;0.20849205774710228
0.9999209007030302;7.909929696981988e-05
0.9996462185352234;0.00035378146477662583
0.9356781845076722;0.06432181549232782
0.9999999512765847;4.872341535481975e-08
0.9999684406715154;3.155932848460961e-05
0.999990392233392;9.60776660795055e-06
0.9999892144351756;1.0785564824386619e-05
0.999919203739332;8.079626066804286e-05
0.9999998823345558;1.1766544416638024e-07
0.9984642610017335;0.0015357389982664827
0.9987988863012209;0.0012011136987790177
0.9985612136964683;0.0014387863035316764
0.9999997159527496;2.840472503618843e-07
0.9999553666364986;4.463336350134579e-05
0.9999791930835337;2.08069164663165e-05
0.9781602410379084;0.021839758962091567
0.9999727041804145;2.729581958550264e-05
0.9986989884139956;0.0013010115860043984
0.9999919235251068;8.076474893242557e-06
0.8425174239231156;0.1574825760768844
0.999997560597214;2.4394027860419896e-06
0.9999520247986902;4.797520130985645e-05
0.999999907359395;9.264060495186621e-08
0.9999973285137551;2.6714862448908943e-06
0.9999401676495006;5.983235049941395e-05
0.9999978398284182;2.1601715817950355e-06
0.9998327778665754;0.00016722213342461952
0.9999811343605298;1.886563947016877e-05
0.999694227952245;0.0003057720477549845
0.9999994396416437;5.603583563136305e-07
0.9999217048672405;7.829513275942544e-05
0.9991806859545704;0.0008193140454295767
0.9999994716338941;5.283661059114447e-07
0.9982243909138175;0.0017756090861824917
0.9990671266774639;0.0009328733225361382
0.9999970246662704;2.975333729605834e-06
0.9976589395499588;0.0023410604500412272
0.9992755781014061;0.0007244218985939362
0.9996335784125661;0.00036642158743389587
0.9962249021556415;0.003775097844358473
0.9999995824759855;4.175240145264533e-07
0.9999965658612684;3.434138731558279e-06
0.9999434663848312;5.653361516881241e-05
0.9998651737684594;0.0001348262315406372
0.999492653258925;0.000507346741075049
0.9999841433944416;1.585660555837446e-05
0.9999954147624216;4.58523757839047e-06
0.9975760773889668;0.00242392261103316
0.9995016315635716;0.0004983684364283527
0.9999921476620908;7.852337909213284e-06
0.9995065698335147;0.0004934301664853136
0.9999661365057039;3.386349429614432e-05
0.9999806518613013;1.9348138698702665e-05
0.9999970864817773;2.9135182226596345e-06
0.9996813601400887;0.0003186398599113228
0.9997952086118963;0.00020479138810369332
0.999998265913913;1.7340860869524504e-06
0.9999835501357125;1.6449864287493687e-05
0.9973804714421852;0.002619528557814813
0.9998171111085244;0.0001828888914755744
0.9999844782644826;1.5521735517488453e-05
0.9999953833614811;4.61663851893348e-06
0.999937382124054;6.261787594597687e-05
0.9999951738352179;4.826164782094085e-06
0.9999740201412062;2.5979858793773982e-05
0.9999999882472528;1.1752747253832489e-08
0.999800766780677;0.00019923321932306795
0.9991940385928195;0.0008059614071804943
0.9999208543532796;7.914564672039105e-05
0.9972361896841738;0.002763810315826145
0.999994746880681;5.253119318935478e-06
0.999999448273164;5.51726836049282e-07
0.9996376720803982;0.00036232791960181274
0.9998420342758734;0.00015796572412659236
0.9999991951506876;8.048493124108732e-07
0.9999837693966511;1.6230603348876854e-05
0.012949039278265961;0.987050960721734
0.9999996654592741;3.345407259062117e-07
0.01943507080308582;0.9805649291969142
0.999982586019834;1.7413980166005727e-05
0.9999935620385677;6.4379614322656235e-06
0.9999907329940775;9.267005922504589e-06
0.9999701039715192;2.9896028480788433e-05
0.999046754194882;0.0009532458051179863
0.9986533959258047;0.0013466040741953382
0.9999987323644037;1.267635596291738e-06
0.9999969565281648;3.043471835183943e-06
0.989500241475221;0.01049975852477902
0.9999906895363091;9.310463690878788e-06
0.9994907495425193;0.0005092504574806997
0.9988097699345954;0.0011902300654046177
0.999973456447594;2.654355240603909e-05
0.999999670057385;3.2994261504144623e-07
0.9999451607525921;5.483924740788113e-05
0.9999811264777876;1.8873522212402695e-05
0.9995879390069445;0.0004120609930554726
0.9999607194726046;3.928052739542899e-05
0.21986432791591703;0.780135672084083
0.9998854042824612;0.00011459571753874832
0.9928055333132733;0.0071944666867267085
0.9976097271080252;0.0023902728919748288
0.9998704351348378;0.0001295648651622189
0.9999442795978959;5.572040210414967e-05
0.9999500817753146;4.991822468536151e-05
0.9999995346140065;4.6538599355439205e-07
0.9999989532572562;1.0467427438136317e-06
0.9999990124004567;9.875995432412117e-07
0.999890283533964;0.00010971646603595404
0.9999296258159441;7.03741840558622e-05
0.9973511243854634;0.0026488756145366357
0.9999993740283141;6.259716859724418e-07
0.9963383923483321;0.0036616076516678637
0.9999827591909682;1.7240809031803614e-05
0.9999989682467638;1.0317532361809686e-06
0.9979806030636338;0.002019396936366248
0.9999966505254068;3.349474593184334e-06
0.9999970929201742;2.90707982576649e-06
0.9998855168810425;0.00011448311895741134
0.9999360401830197;6.395981698031333e-05
0.9988792009785682;0.0011207990214318006
0.9999995045315596;4.95468440433505e-07
0.999289368845913;0.0007106311540869697
0.9999911482167698;8.8517832301578e-06
0.9999960612609398;3.938739060254267e-06
0.9998392579409052;0.00016074205909481437
0.9999863114084113;1.3688591588723142e-05
0.9999976103750788;2.3896249211525943e-06
0.9999781894271497;2.181057285034654e-05
0.649431945718592;0.350568054281408
0.9999962261599592;3.7738400407572557e-06
0.9989617064703241;0.0010382935296759034
0.9999917190378321;8.280962167824402e-06
0.9999957177472365;4.282252763457837e-06
0.9999426660620407;5.73339379592977e-05
0.9999071988444118;9.280115558815345e-05
0.993044521279222;0.006955478720777911
0.9988283196062909;0.0011716803937091022
0.9999658005438615;3.4199456138466546e-05
0.9999955920593115;4.407940688459951e-06
0.9999775442481954;2.2455751804649745e-05
0.9999912581635995;8.74183640056895e-06
0.9985228969558436;0.0014771030441563325
0.999993185634102;6.814365898040528e-06
0.9999528365583615;4.716344163847304e-05
0.9999935378754383;6.462124561711958e-06
0.9999998363283426;1.63671657394161e-07
0.9999967014613209;3.2985386790966258e-06
0.9999383275750727;6.167242492724414e-05
0.9999977883338595;2.2116661404266754e-06
0.9999999186718498;8.132815025104651e-08
0.9996073674537567;0.0003926325462433558
0.9999993766559744;6.233440256050698e-07
0.9998193117652565;0.0001806882347434671
0.9998388441002944;0.00016115589970555676
0.9999931306674175;6.869332582546472e-06
0.9999054275020536;9.457249794640606e-05
0.9995663277808164;0.0004336722191835532
0.999967581688553;3.2418311446951433e-05
0.9996337002015593;0.0003662997984407397
0.9999994976052727;5.02394727263373e-07
0.998594625057239;0.0014053749427610366
0.9999275679831403;7.243201685969478e-05
0.999375826908398;0.000624173091602049
0.9999049736708714;9.502632912857876e-05
0.9999999985643746;1.4356254218665463e-09
0.999972485504124;2.751449587598853e-05
0.9999628733571838;3.71266428161926e-05
0.9997129356024228;0.0002870643975771429
0.9998379867908384;0.00016201320916167672
0.9834803196847929;0.016519680315207105
0.9999135352758928;8.646472410724136e-05
0.9983979990692019;0.0016020009307981143
0.9998590160724848;0.00014098392751514202
0.9999580162162118;4.198378378820372e-05
0.9998897109305233;0.00011028906947675446
0.999993840307235;6.159692764982796e-06
0.9999983478605645;1.6521394354884306e-06
0.9999954515982846;4.54840171532547e-06
0.9991347967062872;0.000865203293712777
0.9999383191129447;6.168088705523457e-05
0.9276686834435112;0.0723313165564888
0.9991252852296579;0.0008747147703420538
0.9999877903150408;1.2209684959177621e-05
0.9997504309166977;0.0002495690833022713
0.99999914288569;8.571143099214787e-07
0.9999249855751194;7.501442488055175e-05
0.9999959962834944;4.003716505508037e-06
0.6150422595203435;0.38495774047965653
0.9911410212099437;0.00885897879005624
0.999746229699666;0.0002537703003339731
0.9213387035963411;0.0786612964036589
0.9999900898424818;9.910157518203803e-06
0.9999754042878285;2.4595712171512806e-05
0.9999883342663143;1.1665733685730914e-05
0.9997630651273447;0.0002369348726552773
0.9999951687503872;4.8312496128145005e-06
0.9999737885162614;2.6211483738637943e-05
0.999995871095479;4.128904520944938e-06
0.9999603422477114;3.9657752288685844e-05
0.9999998611088892;1.3889111079797997e-07
0.999819560027947;0.00018043997205300128
0.9999976344842335;2.3655157664591764e-06
0.9989785878639362;0.0010214121360637531
0.9999928266045861;7.173395413897045e-06
0.9999576145450368;4.238545496317257e-05
0.9999996284082379;3.71591762150884e-07
0.9999837962949977;1.6203705002363167e-05
0.999999901383946;9.86160539972991e-08
0.9999877856042119;1.2214395788142762e-05
0.9997237136638815;0.00027628633611855724
0.998317281208262;0.001682718791738013
0.9964982737637298;0.003501726236270199
0.9996732256497485;0.00032677435025153947
0.9997751873454843;0.00022481265451565529
0.9999789533793654;2.1046620634587263e-05
0.9999986806598966;1.3193401033942476e-06
0.9999756126147605;2.4387385239470843e-05
0.999833795451892;0.00016620454810803323
1.608428371602244e-07;0.9999998391571628
0.999992867754976;7.1322450240458515e-06
0.9999846957487897;1.5304251210362355e-05
0.9999897206634939;1.0279336506131292e-05
0.999999912215062;8.778493803146575e-08
0.9993581304761037;0.0006418695238963548
0.999997462509287;2.5374907129502986e-06
0.9999970083103977;2.991689602252895e-06
0.9999887457586061;1.1254241393883143e-05
0.9998624942815362;0.00013750571846381799
0.9999396870717081;6.031292829186974e-05
0.9997138984334952;0.0002861015665047705
0.9999713931845247;2.8606815475380148e-05
0.9999154049957861;8.459500421388376e-05
0.9999684103633059;3.1589636694174744e-05
0.9900078230340231;0.009992176965976856
0.9999997871247963;2.128752037132046e-07
0.9999961798638938;3.820136106222167e-06
0.9999769498445356;2.3050155464399774e-05
0.995285214088866;0.004714785911133975
0.97867434944335;0.02132565055665004
0.999867542715973;0.00013245728402705038
0.9951605810990145;0.004839418900985462
0.9999636913869931;3.630861300683727e-05
0.996746584322936;0.0032534156770640077
0.9990850965384019;0.0009149034615981108
0.9988242674562805;0.0011757325437194836
0.9998826089227899;0.00011739107721004896
0.9999790436385771;2.0956361422871168e-05
0.9999795421312897;2.0457868710253703e-05
0.999887059057102;0.00011294094289805194
0.9998316753822569;0.00016832461774309826
0.9999491395961164;5.0860403883631025e-05
0.9999423733907363;5.76266092636469e-05
0.9999989708070464;1.0291929536808034e-06
0.9999977072486298;2.292751370207342e-06
0.9995798079584798;0.00042019204152023577
0.9998707509547419;0.0001292490452580947
0.9999700599143205;2.994008567946433e-05
0.9999906209680531;9.379031946832437e-06
0.9999960072584199;3.992741580097745e-06
0.9991705702672595;0.0008294297327404799
0.9999895578800915;1.0442119908575046e-05
0.9966823006803834;0.0033176993196165935
0.9999374175586635;6.25824413364991e-05
0.9995695841254348;0.00043041587456510807
0.9999444625923194;5.553740768063676e-05
0.0006270462823403378;0.9993729537176597
0.9999978921509959;2.1078490041302028e-06
0.9998311133632627;0.0001688866367373512
0.9998823342856927;0.0001176657143073181
0.9999924529535063;7.547046493793727e-06
0.9998830108340518;0.00011698916594811301
0.999307299115086;0.0006927008849140278
0.01725047726727158;0.9827495227327284
0.9999992393137482;7.606862517400916e-07
0.9871806721567998;0.012819327843200203
0.9999951409752362;4.859024763796972e-06
0.9564096350609721;0.04359036493902791
0.9999985882741325;1.411725867580634e-06
0.9999998518295413;1.481704586917262e-07
0.9995816559134847;0.0004183440865153017
0.999967510714218;3.248928578205154e-05
0.9999984682033157;1.531796684282194e-06
0.9999727006039318;2.729939606813906e-05
0.9999421690647862;5.783093521382351e-05
0.9996662592971912;0.0003337407028087569
0.999994036296068;5.963703932005625e-06
0.9999600339735618;3.9966026438206926e-05
0.9999677087995132;3.2291200486712084e-05
0.9999966210310991;3.378968900874835e-06
0.9999973186516171;2.6813483828301613e-06
0.9969406384323036;0.0030593615676964224
0.99923931015927;0.0007606898407299954
